100
100
100
100
100
100
100
100
91.30434783
100
100
100
100
95.65217391
100
100
100
100
100
100
100
100
100
100
100
100
100
100
100
100
100
77.27272727
77.27272727
100
100
100
100
100
100
100
100
100
100
100
100
100
100
91.30434783
100
86.95652174
86.95652174
100
100
100
100
100
100
100
100
100
100
100
100
100
100
100
100
100
86.95652174
82.60869565
100
100
100
100
100
100
100
100
100
100
100
100
100
100
100
100
100
78.26086957
86.95652174
78.26086957
100
100
100
100
100
100
100
100
100
100
100
100
100
100
100
86.36363636
95.45454545
100
100
100
100
100
100
100
100
100
100
100
100
100
100
100
86.36363636
100
100
100
100
100
100
100
100
100
100
100
100
100
100
100
100
100
100
100
100
100
100
100
100
100
100
100
100
100
100
100
100
100
100
78.26086957
100
100
100
100
100
100
100
100
100
100
100
100
100
100
100
100
100
100
100
100
100
100
100
100
100
100
100
100
100
100
100
100
100
100
100
100
100
100
100
100
100
100
100
100
100
100
100
100
100
100
100
100
100
100
100
100
100
100
100
100
100
100
100
100
100
100
100
100
100
100
100
69.56521739
100
100
100
100
100
100
100
100
100
100
100
100
100
100
90.90909091
100
100
100
100
100
100
100
100
100
100
100
100
100
100
100
100
100
100
100
100
100
100
100
100
100
100
100
100
100
100
60.86956522
100
100
100
100
100
100
100
100
100
100
100
100
100
100
100
100
100
100
100
100
100
100
100
100
100
100
100
100
100
100
100
100
91.30434783
100
100
100
100
100
100
100
100
100
100
100
100
100
100
100
100
69.56521739
100
100
100
100
100
100
100
100
100
100
100
100
100
100
100
100
100
100
100
100
100
100
100
100
100
100
100
100
100
100
100
100
100
100
100
100
100
100
100
100
100
100
100
100
100
100
100
100
95.45454545
100
100
100
100
100
100
100
100
100
100
100
100
100
100
100
100
81.81818182
77.27272727
77.27272727
100
100
100
100
100
100
100
100
100
100
100
100
100
100
82.60869565
100
100
100
100
100
100
100
100
100
100
100
100
100
78.26086957
100
100
100
100
100
100
100
100
100
100
100
100
100
100
100
100
100
100
100
100
100
100
100
100
100
100
100
100
100
100
100
100
100
100
100