100
100
100
100
100
100
100
100
100
100
100
100
68.75
100
100
78.94736842
100
89.61038961
100
100
100
100
95.89041096
100
100
100
68.42105263
100
100
100
88
68.42105263
69.23076923
66.66666667
100
100
100
100
68.91891892
100
100
100
100
69.8630137
100
100
100
100
100
100
100
100
100
100
100
100
68.42105263
100
100
100
100
100
100
100
91.30434783
100
100
100
100
100
100
100
100
100
100
100
100
100
100
100
100
100
100
100
100
100
100
100
100
100
100
100
100
100
100
100
100
100
100
100
100
100
100
100
100
100
100
86.66666667
69.8630137
100
100
100
100
100
100
100
100
100
100
100
100
100
100
100
100
100
100
100
100
83.33333333
83.33333333
100
100
100
100
100
98.71794872
84.21052632
83.33333333
83.78378378
100
100
100
100
100
100
100
100
82.55813953
100
100
100
79.48717949
100
100
100
80
100
100
100
80.55555556
100
100
100
81.57894737
79.72972973
100
100
90.625
100
100
100
100
100
100
100
100
100
100
100
100
100
100
100
100
100
100
100
100
100
100
100
100
100
100
100
100
100
100
100
100
100
100
100
100
100
100
100
100
100
100
100
100
100
100
100
100
100
100
100
100
100
100
100
100
92.30769231
100
78.37837838
100
100
100
100
100
100
100
100
100
100
100
100
100
100
100
100
100
100
100
100
100
100
100
100
100
100
100
100
100
100
100
100
100
100
100
100
100
100
100
100
100
100
100
100
100
100
100
100
100
100
100
100
78.37837838
81.33333333
79.48717949
81.33333333
100
69.23076923
78.94736842
78.37837838
78.37837838
100
74.15730337
79.72972973
69.33333333
78.37837838
100
100
69.8630137
100
100
97.36842105
68.42105263
100
100
100
68
67.94871795
98.7012987
98.7012987
100
100
69.44444444
100
100
100
100
100
100
100
100
100
100
100
100
100
100
100
100
100
100
100
97.56097561
100
100
100
100
100
100
100
100
100
100
100
100
100
100
100
100
100
100
100
100
100
100
100
100
100
100
100
100
100
100
100
100
100
100
100
100
100
100
100
100
100
100
100
100
100
100
100
100
100
100
100
100
100
100
100
100
100
100
100
100
100
100
100
100
100
100
100
100
100
100
100
100
100
100
100
100
100
100
100
100
100
100
100
100
100
100
100
100
100
100
100
100
100
100
100
100
100
67.56756757
100
100
100
66.66666667
100
98.7012987
65.43209877
100
100
90
88
70.37037037
71.26436782
100
100
100
100
100
100
71.05263158
100
100
100
100
100
100
100
100
100
100
100
100
69.33333333
69.8630137
100
71.23287671
100
100
80.55555556
90.4109589
100
100
70.83333333
100
100
100
100
90.27777778
100
100
100
100
80.55555556
100
100
100
100
100
78.37837838
100
100
100
100
100
100
100
100
100
100
100
100
100
100
100
100
100
100
100
100
100
100
100
100
100
100
100
100
100
100
100
100
100
100
100
100
100
100
100
98.68421053
100
100
100
98.63013699
100
100
100
100
100
100
100
100
100
100
100
100
100
100
100
100
100
100
100
100
100
100
100
100
100
100
100
100
100
100
100
100
100
100
100
100
100
100
100
100
100
100
100
100
100
100
100
100
100
100
100
100
100
100
100
100
100
100
100
100
100
100
100
100
100
100
100
100
100
100
100
100
100
100
100
80
100
100
100
100
100
100
68.42105263
100
100
100
100
100
80.82191781
100
100
100
100
100
100
100
98.63013699
100
100
100
88.88888889
68.57142857
100
77.77777778
100
82.14285714
98.73417722
69.44444444
68.05555556
68.49315068
100
100
79.72972973
100
100
100
100
100
100
100
100
100
100
100
100
100
100
100
100
100
100
100
100
100
100
100
100
100
100
100
100
68.91891892
100
100
100
100
100
100
100
100
100
88.88888889
100
100
100
100
100
100
100
100
100
100
100
100
100
100
100
100
100
100
100
100
100
100
100
100
100
100
100
100
100
100
100
100
100
100
100
100
100
100
100
100
100
100
100
100
100
100
100
100
100
100
100
100
100
100
100
100
100
100
100
100
100
100
100
98.66666667
100
100
100
100
100
100
100
100
97.2972973
100
100
100
100
100
100
100
100
87.83783784
100
100
100
100
100
100
100
100
89.04109589
100
100
100
100
100
100
100
100
100
100
100
100
100
100
100
100
100
100
100
100
100
100
100
100
100
100
100
100
100
68.49315068
75.67567568
78.94736842
78.37837838
79.56989247
78.37837838
76.31578947
78.37837838
88
87.09677419
100
100
100
98.64864865
75.67567568
78.37837838
100
100
100
100
100
100
100
78.08219178
100
100
100
100
97.2972973
100
80.55555556
75
100
100
100
79.45205479
78.37837838
80.82191781
80.55555556
100
69.33333333
100
100
80.26315789
100
94.39252336
100
100
100
100
100
100
80.82191781
90.54054054
98.85057471
99.2
100
90.4109589
70.27027027
81.72043011
98.87640449
90.66666667
86.84210526
100
100
100
100
100
100
100
100
100
100
100
100
100
98.18181818
90.27777778
100
100
100
100
100
100
100
100
88
100
100
100
100
100
100
100
100
88
100
100
100
100
100
100
100
100
78.66666667
80.82191781
100
100
100
100
100
100
100
69.8630137
100
90.78947368
100
100
100
100
100
100
100
100
100
100
100
100
100
100
100
100
100
100
100
100
100
100
100
100
100
100
100
100
100
100
100
100
100
100
100
100
100
100
100
100
100
100
100
100
100
100
98.24561404
100
100
100
100
100
100
100
100
100
100
100
100
100
100
100
100
100
100
100
100
100
100
100
100
100
100
100
100
100
100
69.8630137
79.48717949
100
100
100
100
100
100
78.66666667
78.08219178
78.66666667
100
100
100
100
100
94.54545455
68.91891892
69.44444444
80.55555556
100
100
100
100
89.47368421
81.57894737
68.05555556
80.82191781
100
100
100
80.82191781
67.10526316
67.56756757
100
100
100
69.8630137
68.91891892
69.8630137
100
89.47368421
89.18918919
81.08108108
71.05263158
79.48717949
78.37837838
80.55555556
69.8630137
100
85.52631579
89.33333333
100
100
100
100
100
100
100
100
100
100
100
100
100
100
100
100
100
100
100
100
100
100
100
100
100
100
100
100
100
100
100
100
100
100
100
100
100
100
100
100
90.4109589
90.4109589
100
80.55555556
68.91891892
80.55555556
79.45205479
100
100
80.82191781
80.82191781
67.56756757
80.55555556
78.37837838
80.55555556
81.08108108
100
89.33333333
80.82191781
81.08108108
77.77777778
81.08108108
80.55555556
81.08108108
100
67.56756757
81.57894737
81.57894737
69.8630137
81.08108108
78.37837838
100
100
100
100
100
100
100
100
68.05555556
100
100
100
100
100
100
100
100
100
100
100
100
100
100
100
100
100
100