100
100
100
100
100
100
100
100
100
100
100
100
67.53246753
98.18181818
100
82.5
100
90.66666667
100
100
100
100
97.22222222
100
100
100
69.44444444
100
100
100
90.54054054
70.27027027
70.27027027
71.05263158
100
100
100
100
68.49315068
100
100
100
100
68
100
100
100
100
100
100
100
100
93.18181818
100
100
100
70.12987013
100
100
100
100
100
100
100
91.89189189
100
100
100
100
100
100
100
100
100
100
100
100
100
100
100
100
100
100
100
100
100
100
100
100
100
100
100
100
100
100
100
100
100
100
100
100
100
100
100
100
100
100
90.54054054
69.8630137
100
100
100
100
100
100
100
100
100
100
100
100
100
100
100
100
100
100
100
100
81.57894737
75.67567568
100
100
100
100
100
100
81.57894737
78.37837838
78.94736842
100
100
100
100
100
100
100
100
77.5
100
100
100
77.33333333
100
100
100
77.77777778
100
100
100
79.45205479
100
100
100
80.55555556
79.45205479
100
100
93.75
100
100
100
100
100
100
100
100
100
100
100
100
100
100
100
100
100
100
100
100
100
100
100
100
100
100
100
100
100
100
100
100
100
100
100
100
100
100
100
100
100
100
100
100
100
100
100
100
100
100
100
100
100
100
100
100
90.78947368
100
78.37837838
100
100
100
100
100
100
100
100
100
100
100
100
100
100
100
100
100
100
100
100
100
100
100
100
100
100
100
100
100
100
100
100
100
100
100
100
100
100
100
100
100
100
100
100
100
100
100
100
100
100
100
100
80.95238095
81.01265823
81.81818182
80
97.56097561
70
81.57894737
81.08108108
80
95.34883721
70.23809524
81.57894737
69.73684211
76.92307692
100
100
70.66666667
100
100
100
71.05263158
100
100
100
69.73684211
68.35443038
100
100
100
100
69.23076923
98.66666667
100
100
100
100
100
100
100
100
100
100
100
100
100
100
100
100
100
100
100
100
100
100
100
100
100
100
100
100
100
100
100
100
100
100
100
100
100
100
100
100
100
100
100
100
100
100
100
100
100
100
100
100
100
100
100
100
100
100
100
100
100
100
100
100
100
100
100
100
100
100
100
100
100
100
100
100
100
100
100
100
100
100
100
100
100
100
100
100
100
100
100
100
100
100
100
100
100
100
100
100
100
100
100
100
100
100
100
100
100
100
100
100
100
100
100
100
71.05263158
100
100
100
67.56756757
100
98.73417722
69.23076923
100
100
89.47368421
88.15789474
69.87951807
68.29268293
100
100
100
100
100
100
68.42105263
100
100
100
100
98.68421053
100
100
100
100
95.91836735
100
100
69.33333333
70.27027027
98.7012987
69.8630137
100
100
80.55555556
90.4109589
100
100
69.33333333
100
100
100
100
89.33333333
100
100
100
100
78.37837838
100
100
100
100
100
81.33333333
100
100
100
100
100
100
100
100
100
100
100
100
100
100
100
100
100
100
100
100
100
100
100
100
100
100
100
100
100
100
100
100
100
100
100
100
100
100
100
100
100
100
100
100
100
100
100
100
100
100
100
100
100
100
100
100
100
100
100
100
100
100
100
100
100
100
100
100
100
100
100
100
100
100
100
100
100
100
100
100
100
100
100
100
100
100
100
100
100
100
100
100
100
100
100
100
100
100
100
100
100
100
100
100
100
100
100
100
100
100
100
100
100
100
100
100
100
100
100
78.66666667
100
100
100
100
100
100
71.05263158
100
100
100
100
100
77.33333333
100
100
100
100
100
100
100
100
100
100
100
89.47368421
68.42105263
100
81.08108108
100
76.74418605
100
69.33333333
68.42105263
66.66666667
100
100
80
100
100
100
100
100
100
100
100
100
100
100
100
100
100
100
100
100
100
100
100
100
100
100
100
100
100
100
100
68.91891892
100
100
100
100
100
100
100
100
100
87.83783784
100
100
100
100
100
100
100
100
100
100
100
100
100
100
100
100
100
100
100
100
100
100
100
100
100
100
100
100
100
100
100
100
100
100
100
100
100
100
100
100
100
100
100
100
100
100
100
100
100
100
100
100
100
100
100
100
100
100
100
100
100
100
100
100
100
100
100
100
100
100
100
100
100
100
100
100
100
100
100
100
100
90.54054054
100
100
100
100
100
100
100
100
90.54054054
100
100
100
100
100
100
100
100
100
100
100
100
100
100
100
100
100
100
100
100
100
100
100
100
100
100
100
100
100
69.33333333
81.08108108
75
80.76923077
78.04878049
81.08108108
81.08108108
81.08108108
88.46153846
87.80487805
100
100
100
100
80.55555556
80.55555556
100
100
100
100
100
100
100
79.72972973
100
100
100
100
100
100
81.57894737
81.57894737
100
100
100
80.51948052
81.33333333
81.33333333
81.57894737
100
69.33333333
100
100
79.45205479
100
94.49541284
100
100
100
100
100
100
80.26315789
89.18918919
97.56097561
98.33333333
100
89.61038961
70.27027027
78.40909091
97.64705882
89.33333333
89.61038961
100
100
100
100
100
100
100
100
100
100
100
100
100
98.38709677
90.78947368
100
100
100
100
100
100
100
100
90.78947368
100
100
100
100
100
100
100
100
89.47368421
98.7654321
100
100
100
100
100
100
100
80.26315789
77.02702703
98.7012987
100
100
100
100
100
100
68
100
89.18918919
100
100
100
100
100
100
100
100
100
100
100
100
100
100
100
100
100
100
100
100
100
100
100
100
100
100
100
100
100
100
100
100
100
100
100
100
100
100
100
100
100
100
100
100
100
100
100
100
100
100
100
100
100
100
100
100
100
100
100
100
100
100
100
100
100
100
100
100
100
100
100
100
100
100
100
100
100
70.83333333
76.31578947
100
100
100
100
100
100
80.55555556
79.16666667
82.43243243
100
100
100
100
100
92.1875
71.23287671
72.22222222
82.85714286
100
100
100
100
88.46153846
83.78378378
70.83333333
80.55555556
100
100
100
81.33333333
71.79487179
71.62162162
100
100
100
70.66666667
68.91891892
71.05263158
100
90.90909091
90.78947368
82.5
64.93506494
82.05128205
82.43243243
80
69.33333333
100
84.93150685
89.61038961
100
100
100
100
100
100
100
100
100
100
100
100
100
100
100
100
100
100
100
100
100
100
100
100
100
100
100
100
100
100
100
100
100
100
100
100
100
100
100
100
90.54054054
89.04109589
100
76.31578947
69.73684211
80.55555556
79.16666667
100
100
78.08219178
79.72972973
68.42105263
75.67567568
78.37837838
78.37837838
78.94736842
100
90.54054054
78.08219178
77.33333333
78.37837838
78.37837838
78.37837838
78.94736842
100
66.21621622
80.55555556
80.55555556
68
77.04918033
75.86206897
100
100
100
100
100
100
100
100
71.23287671
100
100
100
100
100
100
100
100
100
100
100
100
100
100
100
100
100
100