100
100
100
100
100
100
98.5915493
98.5915493
98.5915493
98.5915493
100
100
100
100
100
100
100
100
100
100
100
100
100
100
100
100
100
100
100
100
100
97.22222222
97.22222222
97.22222222
98.5915493
98.63013699
97.22222222
97.22222222
98.5915493
98.5915493
98.64864865
98.64864865
98.63013699
100
100
100
100
98.61111111
100
100
100
100
100
100
100
100
98.61111111
98.61111111
98.61111111
98.61111111
100
100
100
100
98.52941176
98.57142857
98.61111111
98.61111111
98.63013699
98.68421053
98.64864865
98.63013699
98.64864865
98.64864865
97.22222222
97.22222222
97.36842105
98.66666667
98.64864865
98.63013699
98.64864865
98.64864865
98.61111111
98.64864865
98.7804878
98.64864865
97.2972973
97.2972973
100
100
100
98.64864865
98.7654321
98.63013699
98.64864865
98.64864865
100
100
100
100
100
100
100
98.61111111
100
100
100
100
100
100
100
100
100
100
98.61111111
100
97.26027397
98.68421053
98.63013699
98.63013699
97.26027397
97.2972973
98.68421053
98.5915493
97.22222222
94.59459459
97.2972973
97.2972973
97.2972973
97.2972973
97.22222222
98.61111111
97.2972973
98.63013699
98.61111111
98.79518072
98.91304348
97.2972973
97.22222222
97.2972973
98.63013699
97.2972973
100
100
98.9010989
98.9010989
100
100
100
100
100
100
100
100
100
100
100
100
100
100
100
100
100
100
100
100
100
100
100
100
100
100
100
100
100
100
100
100
100
100
100
100
100
100
100
100
100
100
100
100
100
100
100
100
100
100
100
100
100
100
100
100
100
100
100
100
100
100
100
100
100
100
100
100
100
100
100
100
100
100
100
100
100
100
100
98.9010989
100
100
100
100
100
100
100
100
100
100
100
100
100
100
100
100
100
100
100
100
100
100
100
100
100
100
100
100
100
100
100
100
100
100
100
100
100
100
100
100
100
100
100
100
100
100
100
100
100
100
100
100
100
100
100
98.61111111
98.64864865
98.7012987
100
100
100
100
100
100
100
100
100
100
100
100
100
100
100
100
100
100
100
100
100
100
100
100
100
100
100
100
100
100
100
100
100
100
100
100
100
100
100
100
100
100
100
100
100
100
100
100
100
100
100
100
100
100
100
100
100
100
100
100
100
100
100
100
100
100
100
100
100
100
100
100
100
100
100
100
100
100
100
100
100
100
100
100
100
100
100
100
100
100
100
100
100
100
100
100
100
100
100
100
100
100
100
100
100
100
100
100
100
100
100
100
100
100
100
100
100
100
100
100
100
100
100
100
100
100
100
100
100
100
100
100
100
100
100
100
100
100
100
100
100
100
100
100
100
100
100
100
100
100
100
100
100
100
100
100
100
100
100
100
100
100
100
100
100
100
100
100
100
100
100
100
100
100
100
100
100
100
100
100
100
100
100
100
100
100
100
100
100
100
100
100
100
100
100
100
100
100
98.61111111
98.5915493
100
100
100
98.61111111
100
100
100
100
100
100
100
100
100
100
100
100
100
100
100
100
100
100
100
100
100
100
100
100
100
100
100
100
100
100
100
100
100
100
100
100
100
100
100
100
100
100
100
100
100
100
100
100
100
100
100
100
100
100
100
100
100
100
100
100
100
100
100
100
100
100
100
100
100
100
100
100
100
100
100
100
100
100
100
100
100
100
100
100
100
100
100
100
100
100
100
100
100
100
100
100
100
100
100
100
100
100
100
100
100
100
100
100
100
100
100
100
100
100
100
100
100
100
100
100
100
100
100
100
100
100
100
100
100
100
100
100
100
100
100
100
100
100
100
100
100
100
100
100
100
100
100
100
100
100
100
100
100
100
100
100
98.5915493
98.61111111
98.61111111
98.5915493
98.61111111
100
98.63013699
97.22222222
98.5915493
98.61111111
98.61111111
98.66666667
98.7012987
98.64864865
98.63013699
98.63013699
98.63013699
98.61111111
98.61111111
97.22222222
97.22222222
100
100
98.63013699
98.63013699
98.61111111
98.61111111
98.63013699
98.63013699
100
100
100
100
100
100
100
98.63013699
98.63013699
100
100
100
100
100
100
100
100
100
100
100
100
100
100
100
100
100
98.66666667
98.64864865
98.64864865
98.61111111
100
100
100
100
98.63013699
98.64864865
98.64864865
98.5915493
98.85057471
98.97959184
98.93617021
98.5915493
98.63013699
98.71794872
97.22222222
97.22222222
98.27586207
98.92473118
98.87640449
98.66666667
98.63013699
98.80952381
98.66666667
98.66666667
98.85057471
98.61111111
97.43589744
97.5
100
100
98.66666667
98.73417722
98.85057471
98.63013699
98.7012987
98.71794872
100
98.7012987
100
100
100
100
100
100
100
100
100
100
100
100
100
100
100
100
100
100
100
100
100
100
100
100
100
100
100
98.71794872
98.80952381
100
100
100
100
100
98.68421053
98.64864865
98.7804878
97.59036145
97.26027397
98.63013699
98.61111111
98.5915493
100
97.2972973
98.64864865
97.82608696
95.23809524
97.22222222
98.5915493
98.5915493
98.5915493
98.61111111
98.64864865
98.30508475
98.80952381
97.36842105
98.61111111
97.22222222
97.22222222
97.22222222
97.22222222
98.66666667
98.7654321
100
100
100
100
100
100
100
100
100
100
100
100
100
100
100
100
100
100
100
100
100
100
100
100
98.61111111
98.63013699
98.61111111
100
100
100
100
100
97.22222222
98.61111111
98.5915493
98.5915493
98.5915493
98.63013699
100
100
100
100
100
100
100
100
100
100
100
100
100
100
100
100
100
100
100
100
100
100
100
100
100
100
100
100
100
100
100
100
100
100
100
100
100
100
98.24561404
100
100
100
100
100
100
100
100
100
100
100
100
100
100
100
100
100
100
100
100
100
100
100
100
100
100
100
100
100
100
100
100
100
100
100
100
100
100
100
100
100
100
100
100
100
100
98.68421053
100
100
100
100
100
100
100
100
100
100
100
100
100
100
100
100
100
100
100
100
100
100
100
100
100
100
100
100
100
100
100
100
100
100
100
100
100
100
98.36065574
100
100
100
97.22222222
97.22222222
98.66666667
98.7654321
98.80952381
97.36842105
98.63013699
98.66666667
98.61111111
98.63013699
98.61111111
100
100
100
100
98.64864865
98.66666667
98.61111111
100
91.89189189
100
100
100
100
100
100
100
100
100
100
100
100
100
100
100
100
100
100
100
100
100
100
100
100
100
100
100
100
100
100
100
100
100
100
100
100
100
100
100
100
100
97.22222222
97.22222222
97.22222222
98.5915493
98.5915493
98.61111111
98.61111111
98.63013699
98.61111111
97.22222222
98.63013699
100
100
100
100
100
100
100
100
100
100
100
100
100
100
100
100
100
100
100
100
100
100
100
100
100
100
100
100
100
100
100
100
100
100
100
100
100
100
100
100
100
100
100
100
100
100
100
100
100
100
100
100
100
100
100
100
100
100
100
100
100
100
100
100
100
100
100
100
100
100
100
100
100
100
100
100
100
100
100
100
100
100
100
100
100
100
100
100
100
100
100
100
100
100
100
100
100
100
100
100
100
100
100
100